422.38
66.10
12.51
231.98
396.74
117.21
300.34
25.82
17.52
19.87
441.81
172.87
456.05
247.74
12.10
412.59
191.63
17.65
37.87
146.49
204.68
485.79
97.89
196.66
461.88
155.98
465.41
48.37
67.37
59.79
30.39
73.18
496.84
32.96
354.00
124.24
84.61
133.54
29.61
433.97
337.94
236.68
105.16
449.25
424.39
392.65
223.22
338.77
345.77
294.90
164.78
241.34
80.63
496.00
53.68
276.08
456.71
176.40
379.40
142.74
386.27
445.44
148.78
261.93
457.70
477.93
360.40
312.59
79.25
183.86
465.36
207.09
444.32
358.96
476.31
155.88
25.31
10.59
209.93
188.43
245.99
338.40
129.64
330.76
88.07
315.77
282.71
479.14
343.75
247.98
109.74
207.18
379.15
330.92
395.74
165.73
208.26
268.47
58.59
214.32
287.14
296.21
487.00
320.77
201.28
319.48
424.27
412.28
254.18
251.92
166.34
359.79
92.65
137.03
472.91
294.34
392.63
439.64
326.38
205.53
467.93
32.91
143.82
350.64
54.78
313.95
373.79
359.26
365.60
401.96
286.26
23.77
485.22
386.83
468.63
10.06
180.10
43.69
184.81
211.01
55.18
377.04
369.62
372.99
67.17
18.79
352.79
65.99
198.68
413.18
183.54
13.88
421.32
482.09
80.85
382.46
91.25
330.08
209.94
432.26
397.13
391.81
247.40
430.64
218.55
128.09
118.37
242.16
170.00
351.19
55.13
209.05
296.76
163.11
417.43
347.56
88.75
192.85
173.39
447.86
441.90
264.08
46.05
42.95
228.30
32.56
101.02
242.08
482.83
388.50
212.79
422.82
342.61
63.53
156.71
345.93
87.11
85.15
338.58
301.11
209.68
164.46
15.88
365.31
137.55
18.26
109.59
210.32
347.34
129.92
269.51
381.87
449.72
392.35
463.54
394.68
444.65
481.45
140.85
247.00
455.40
201.21
303.48
477.38
376.42
477.21
291.05
64.38
243.10
328.17
273.01
25.61
244.88
250.43
389.87
402.71
465.13
355.01
80.56
15.95
78.13
31.58
248.48
399.07
177.00
265.58
269.14
266.74
497.54
227.49
177.13
219.96
210.38
184.06
107.30
306.44
187.57
197.09
396.76
256.90
370.92
476.53
223.87
224.63
13.10
108.03
357.44
99.37
420.99
54.99
154.61
132.34
65.43
360.52
147.21
184.87
96.94
158.19
91.30
416.88
306.57
220.47
226.10
78.20
458.55
435.05
323.09
416.27
330.07
303.71
132.02
321.89
192.59
75.95
252.57
105.57
423.67
257.53
126.67
100.28
201.20
460.57
414.75
89.46
153.17
405.29
321.05
13.32
322.55
62.34
336.54
40.14
200.16
365.66
142.01
364.97
70.67
80.41
106.36
95.15
203.40
242.54
427.30
286.80
403.15
255.54
98.28
161.31
311.28
102.66
97.71
233.52
120.01
215.52
257.24
319.43
34.03
170.08
377.45
353.58
66.86
156.35
433.00
286.92
224.68
294.65
115.27
43.97
421.42
258.68
346.11
111.54
87.14
47.79
376.68
150.37
393.81
116.54
254.75
192.20
200.88
126.38
489.05
485.38
397.26
161.56
280.04
424.58
95.29
302.25
249.64
154.57
187.23
337.77
238.22
374.42
86.52
122.38
478.77
325.77
323.43
67.84
464.14
338.88
42.95
48.99
365.71
296.87
344.05
338.79
165.69
213.39
86.08
419.56
239.98
117.10
94.64
36.70
301.35
318.08
124.19
60.44
416.85
400.24
350.60
443.35
216.48
279.53
335.14
383.07
204.70
258.64
150.38
35.99
385.84
35.83
57.17
126.69
415.13
316.29
53.39
416.34
190.88
66.78
62.83
208.41
232.57
361.15
258.69
114.66
120.30
365.95
219.30
418.70
257.82
16.53
289.58
227.08
85.25
454.86
454.98
346.84
154.79
246.66
88.27
202.13
51.15
368.17
422.76
212.67
209.56
219.85
130.96
370.02
187.20
274.87
21.14
363.60
476.03
292.60
233.51
226.10
210.52
486.87
419.96
364.33
350.23
19.91
366.58
384.56
280.33
416.71
483.60
298.44
300.40
152.66
132.53
439.03
106.91
478.47
327.34
107.21
204.15
220.10
468.12
385.81
59.62
396.89
361.67
470.13
269.24
367.44
185.55
380.51
361.21
344.86
62.66
332.44
90.13
33.43
147.43
28.91
161.91
384.77
404.80
339.10
153.14
116.17
349.21
240.62
89.79
377.27
121.71
58.70
244.40
347.84
194.86
162.63
361.02
319.41
260.20
469.76
183.43
66.45
417.72
148.51
82.18
471.87
498.98
300.77
311.20
286.59
194.50
131.93
117.43
486.48
438.03
463.57
267.60
302.49
318.09
30.26
355.16
143.47
306.38
386.02
82.36
74.84
171.94
13.66
217.67
44.84
227.85
183.74
139.39
144.23
162.22
232.20
42.04
199.52
407.47
392.49
152.64
323.85
338.60
107.11
63.67
127.19
382.21
401.61
180.30
135.97
478.21
194.02
285.17
470.65
393.03
200.71
71.74
97.31
72.97
481.92
69.11
230.77
295.03
284.32
215.26
30.92
142.31
462.00
52.20
29.44
117.33
63.58
413.12
222.58
103.40
168.25
451.35
279.48
280.21
402.94
406.17
198.19
375.42
10.65
464.20
35.63
50.61
284.65
216.02
218.07
216.14
134.46
380.97
275.00
320.83
41.89
488.31
445.69
127.85
468.86
335.99
345.40
121.91
460.66
36.74
217.96
295.56
62.06
357.14
423.73
83.53
268.42
11.72
225.03
282.59
112.55
107.73
284.15
92.29
62.70
298.65
52.90
15.45
303.65
324.79
337.11
147.45
240.50
398.34
32.63
417.77
364.96
320.63
251.22
334.61
269.27
362.43
306.54
291.63
50.09
24.36
339.14
138.95
256.47
17.44
62.55
453.59
171.57
71.49
455.64
228.54
425.90
143.82
164.48
272.42
472.40
37.05
220.34
78.51
19.90
75.51
195.14
26.55
239.74
455.70
393.07
124.89
153.51
267.40
46.01
175.89
248.36
380.74
189.18
240.32
378.41
329.56
211.35
222.27
103.14
179.00
142.98
224.83
301.74
299.89
301.25
300.79
122.45
415.41
417.22
337.76
107.86
72.94
106.60
222.47
221.10
393.43
75.68
369.38
184.21
82.23
53.97
121.67
460.05
398.83
125.84
205.24
57.28
487.92
252.50
321.90
319.51
430.99
122.86
21.59
182.51
42.28
155.64
311.28
445.61
310.86
132.55
89.37
85.92
216.78
407.24
466.14
467.75
289.41
372.78
43.53
413.53
440.05
148.11
312.61
485.92
50.05
221.67
128.80
188.84
71.62
471.86
347.74
194.25
437.05
458.69
143.11
225.36
176.24
361.46
449.68
107.73
200.58
56.01
38.32
149.81
246.41
477.28
352.43
237.81
196.69
172.13
297.32
237.11
199.33
41.21
294.33
239.02
363.37
309.85
84.72
72.09
382.01
113.04
33.10
152.33
136.40
266.02
209.21
194.39
465.59
266.48
332.68
43.52
55.09
108.30
406.65
430.51
469.03
344.55
418.69
215.56
296.05
39.34
345.54
114.43
254.94
471.26
335.22
471.62
110.69
399.39
69.72
210.77
237.58
316.40
489.76
451.19
245.66
422.05
294.54
422.67
247.89
320.67
35.27
337.67
164.42
361.88
429.95
291.18
402.40
48.71
79.76
473.43
94.96
123.76
370.62
459.70
259.60
463.90
322.68
82.31
263.80
456.68
186.16
388.63
182.32
20.76
340.24
325.23
424.20
368.61
481.99
218.03
212.55
124.76
63.67
380.38
80.43
281.99
320.57
225.50
300.04
432.38
398.38
363.52
155.68
12.23
408.58
59.26
243.29
175.26
27.67
365.03
226.09
304.43
375.81
461.81
422.12
392.92
439.47
343.02
482.98
377.60
370.36
102.43
412.30
302.16
110.86
239.66
311.72
431.70
347.22
465.07
220.05
339.32
126.24
49.48
345.46
472.25
368.74
223.23
363.62
253.18
295.60
58.93
196.18
303.03
192.62
221.22
130.62
192.38
474.42
159.79
359.98
11.67
274.35
399.72
80.95
20.05
263.26
481.11
205.87
490.76
141.25
192.79
153.50
266.35
222.55
455.55
464.05
140.70
185.28
126.98
375.41
495.22
27.24
101.10
238.92
130.71
497.03
495.91
275.99
346.24
111.10
129.37
351.86
324.14
411.88
114.31
181.85
234.72
42.77
79.78
198.17
39.15
381.23
289.73
95.55
445.24
468.36
458.26
110.73
252.78
475.96
83.98
69.40
251.64
113.17
421.72
400.99
480.28
491.14
265.21
473.87
466.39
251.75
146.78
132.45
170.08
487.04
247.90
362.21
172.24
366.80
251.37
97.22
453.12
